start=1241.166667
speed=1.210000
